[0.086810,0.342311,-0.443261,-0.175907],[-0.184355]
[-0.150965,0.052765,0.689552,-0.702790],[-0.553727]
[-0.990562,-0.686578,-0.756862,-0.627066],[0.044552]
[0.341498,-0.579785,0.651706,-0.094520],[-0.632167]
[-0.726587,0.740285,0.150187,-0.872638],[-0.647701]
[0.782644,0.248624,-0.581596,0.046695],[-0.139000]
[-0.629344,0.124593,-0.783246,-0.988366],[-0.790723]
[-0.560605,-0.385154,0.957248,0.900369],[-0.610367]
[0.623366,-0.746692,-0.656118,-0.842024],[-0.980156]
[0.632450,-0.377294,-0.451853,0.264767],[-0.416313]
[-0.136592,0.398718,0.880060,0.283930],[-0.800573]
[0.635299,0.840048,-0.327776,-0.402247],[0.386019]
[-0.649179,0.137491,-0.254336,-0.642751],[-0.218218]
[-0.988623,0.065147,-0.495147,0.293383],[-0.280239]
[0.591325,-0.715869,-0.969490,0.162778],[-1.346945]
[0.197687,-0.041620,0.207609,-0.227162],[-0.074045]
[-0.789705,-0.119070,-0.236113,-0.190485],[0.019232]
[-0.927048,-0.115492,0.780823,-0.939753],[-0.596594]
[0.961842,0.552011,-0.880116,0.101917],[-0.233466]
[0.781092,-0.237853,0.153803,0.058532],[-0.203587]
[0.484959,0.913754,0.260368,-0.648357],[0.310506]
[0.163684,-0.763394,-0.959122,0.725891],[-0.972281]
[-0.579947,-0.850266,0.089370,0.650190],[0.550141]
[0.538230,0.672264,-0.498610,-0.849210],[0.028300]
[-0.428209,-0.977198,0.704790,-0.903159],[-0.168600]
[0.950013,-0.285755,0.769707,0.331387],[-0.830780]
[-0.280984,-0.977221,0.197718,-0.784164],[0.157075]
[-0.290409,0.802026,-0.319620,0.589758],[-0.276096]
[-0.643838,0.622922,-0.524612,0.280556],[-0.648223]
[-0.910275,0.249559,0.010863,-0.708985],[-0.298184]
[-0.247495,0.140432,0.185611,-0.869775],[-0.156185]
[0.259884,-0.373175,-0.714799,-0.565868],[-0.664507]
[0.867683,0.053901,0.892760,-0.145783],[-0.764830]
[0.204593,0.965261,-0.224467,-0.719097],[0.075191]
[-0.273624,0.496823,-0.591309,0.577681],[-0.427822]
[-0.446470,0.460793,-0.506928,0.691237],[-0.393583]
[-0.652784,0.112381,0.933219,-0.886275],[-1.032886]
[0.914025,0.773449,0.195947,-0.371166],[0.631440]
[0.462602,0.120784,-0.319230,-0.491971],[-0.095230]
[-0.815889,0.869924,-0.073004,-0.931510],[-0.808242]
[0.017398,0.373090,-0.823080,-0.122130],[-0.683182]
[0.056070,0.955442,0.984316,-0.045232],[-0.919829]
[-0.209928,-0.522095,-0.328807,0.864701],[0.087958]
[0.610901,-0.726570,0.508698,-0.656144],[-0.768250]
[-0.373867,0.006109,0.268073,-0.888294],[-0.162977]
[0.080809,-0.404666,-0.406412,0.855427],[-0.112329]
[-0.778424,-0.226807,-0.374719,-0.075749],[0.028563]
[-0.086042,0.157258,0.317880,-0.772159],[-0.191794]
[-0.491485,-0.263173,0.282203,-0.278503],[0.021857]
[-0.599753,0.760037,0.315250,-0.450916],[-0.600308]
[0.556578,-0.550838,0.559197,0.627946],[-0.556491]
[0.220656,-0.883598,-0.381999,0.460307],[-0.294864]
[0.395470,-0.934642,0.719237,0.199974],[-0.866926]
[0.250648,-0.938918,0.964816,0.719210],[-1.094286]
[0.953000,-0.120441,-0.666612,0.120889],[-0.547063]
[-0.953644,0.634811,-0.678511,-0.821987],[-1.147959]
[0.846994,0.402975,0.907100,-0.228856],[-0.504398]
[-0.578043,-0.965155,-0.278949,-0.898066],[0.390282]
[0.098751,-0.129857,-0.456338,0.953688],[-0.125699]
[-0.078797,-0.812433,0.392323,0.103039],[-0.079596]
[0.000712,0.286206,0.432142,-0.119491],[-0.198492]
[0.051912,0.577748,-0.997202,0.408915],[-0.923528]
[-0.210599,0.440917,-0.015666,-0.006447],[-0.093747]
[-0.194239,0.467191,-0.291403,0.749065],[-0.100756]
[0.001229,0.119799,-0.109647,0.360829],[0.024208]
[-0.819134,-0.263138,-0.452874,0.182258],[0.028676]
[0.886954,-0.041875,-0.946911,-0.099167],[-0.943697]
[-0.920003,-0.506909,-0.433719,0.573394],[0.335585]
[0.164688,-0.118920,0.981786,0.400244],[-0.943463]
[0.985284,0.642126,0.986235,-0.256529],[-0.365635]
[-0.779903,0.905048,0.328963,0.950870],[-0.718980]
[0.047974,-0.146133,-0.653700,-0.004134],[-0.434748]
[0.885920,0.333637,-0.516280,-0.532765],[-0.024246]
[0.997865,0.100042,0.165388,0.978143],[0.170290]
[-0.633442,-0.890507,-0.226309,0.234014],[0.536270]
[-0.620653,-0.775338,-0.178459,-0.075024],[0.441866]
[0.189360,0.469741,0.433172,-0.327836],[-0.131472]
[-0.026217,0.092272,-0.380820,0.905162],[-0.056927]
[0.154883,-0.771691,-0.116584,0.964701],[-0.036643]
[-0.280644,0.484790,-0.357336,0.696147],[-0.194128]
[-0.583586,0.464521,-0.097483,-0.476029],[-0.328193]
[-0.016314,0.897098,0.798153,-0.459551],[-0.697638]
[0.458721,0.944808,0.540180,0.354635],[0.177073]
[-0.249122,0.619599,-0.312521,-0.113862],[-0.263411]
[0.310070,-0.781518,0.422076,0.940785],[-0.326395]
[-0.772925,-0.223040,-0.733943,-0.106922],[-0.376971]
[-0.087922,-0.617690,-0.680528,0.782321],[-0.330577]
[0.923284,-0.051545,0.675232,-0.575240],[-0.561052]
[0.040321,0.218298,-0.563455,0.035407],[-0.305139]
[-0.730163,-0.194078,0.958141,-0.353960],[-0.811721]
[0.414087,0.177149,0.719951,-0.222437],[-0.467218]
[-0.225655,-0.098101,-0.498332,-0.506158],[-0.276814]
[-0.401124,0.159158,0.713791,0.911761],[-0.482164]
[-0.054032,0.188880,0.326554,-0.429892],[-0.159832]
[0.611457,-0.850462,-0.494039,0.124759],[-0.751620]
[-0.840853,-0.624513,0.465521,0.146229],[0.323036]
[0.922795,-0.729070,0.907609,-0.248745],[-1.521411]
[-0.019002,-0.339978,0.264384,0.095588],[-0.053880]
[0.465990,-0.604059,0.804819,-0.496899],[-0.978909]
[-0.675506,0.618768,-0.188237,0.851619],[-0.368253]
